
=== ORB  half-spread 0.1 ===  (ret = % of premium incl. costs, per trade)
                 n  mean    t   hit   med    p5   H1_n   H2_n  H1_mean  H2_mean  H1_t  H2_t
strike rule                                                                                
ATM    R0    614.0   7.0  1.3  37.8 -47.2 -99.6  310.0  304.0      6.6      7.5   0.8   1.0
       R1    614.0   7.3  1.8  18.6 -30.7 -31.4  310.0  304.0      8.9      5.6   1.6   0.9
       R2    614.0   5.4  1.1  25.4 -50.6 -51.4  310.0  304.0      3.5      7.3   0.5   1.0
       R3    614.0   1.9  0.9  42.5  -7.4 -31.2  310.0  304.0      3.2      0.6   1.1   0.2
       R4    614.0   2.3  1.1  45.4  -3.5 -50.9  310.0  304.0      2.3      2.3   0.8   0.8
       R5    614.0   1.1  0.5  42.7  -7.6 -64.4  310.0  304.0      1.7      0.6   0.6   0.2
OTM1   R0    612.0   8.2  1.3  34.6 -59.8 -99.9  310.0  302.0      8.0      8.3   0.9   0.9
       R1    612.0   7.0  1.5  15.4 -30.9 -31.9  310.0  302.0      9.3      4.7   1.5   0.7
       R2    612.0   7.8  1.4  23.9 -50.8 -51.9  310.0  302.0      5.4     10.4   0.7   1.3
       R3    612.0   1.9  0.9  41.0  -9.9 -31.7  310.0  302.0      2.5      1.3   0.8   0.4
       R4    612.0   2.5  1.1  44.4  -4.2 -51.2  310.0  302.0      1.5      3.4   0.5   1.0
       R5    612.0   1.1  0.5  41.0  -9.7 -67.5  310.0  302.0      1.8      0.4   0.6   0.1

=== ORB  half-spread 0.25 ===  (ret = % of premium incl. costs, per trade)
                 n  mean    t   hit   med     p5   H1_n   H2_n  H1_mean  H2_mean  H1_t  H2_t
strike rule                                                                                 
ATM    R0    614.0   4.7  0.9  37.3 -48.4 -100.0  310.0  304.0      4.3      5.2   0.6   0.7
       R1    614.0   4.7  1.2  17.8 -31.7  -33.2  310.0  304.0      7.0      2.4   1.2   0.4
       R2    614.0   2.5  0.5  24.8 -51.5  -53.2  310.0  304.0      0.3      4.7   0.1   0.7
       R3    614.0  -0.3 -0.1  39.1 -10.1  -32.8  310.0  304.0      0.3     -0.9   0.1  -0.3
       R4    614.0   0.0  0.0  42.0  -5.5  -52.1  310.0  304.0     -0.4      0.5  -0.1   0.2
       R5    614.0  -1.1 -0.6  40.9  -9.6  -66.1  310.0  304.0     -0.6     -1.6  -0.2  -0.5
OTM1   R0    612.0   5.3  0.9  34.5 -62.2 -100.0  310.0  302.0      5.2      5.5   0.6   0.6
       R1    612.0   3.9  0.9  14.9 -32.0  -34.5  310.0  302.0      6.4      1.4   1.0   0.2
       R2    612.0   5.3  1.0  23.9 -51.8  -54.3  310.0  302.0      2.9      7.8   0.4   1.0
       R3    612.0  -1.0 -0.5  37.3 -13.2  -33.9  310.0  302.0     -0.4     -1.6  -0.1  -0.5
       R4    612.0  -0.5 -0.2  40.5  -7.2  -52.8  310.0  302.0     -1.6      0.6  -0.5   0.2
       R5    612.0  -1.7 -0.8  38.9 -11.7  -69.2  310.0  302.0     -1.2     -2.3  -0.4  -0.7

=== PH2  half-spread 0.1 ===  (ret = % of premium incl. costs, per trade)
                 n  mean    t   hit   med     p5   H1_n   H2_n  H1_mean  H2_mean  H1_t  H2_t
strike rule                                                                                 
ATM    R0    619.0 -12.4 -3.1  31.2 -42.9  -99.2  315.0  304.0    -14.7     -9.9  -2.7  -1.7
       R1    619.0  -5.6 -1.7  16.8 -31.9  -34.3  315.0  304.0     -6.8     -4.3  -1.5  -0.9
       R2    619.0  -9.2 -2.5  25.0 -51.5  -54.0  315.0  304.0    -10.1     -8.3  -2.0  -1.6
       R3    619.0  -6.0 -4.0  36.7 -31.0  -33.9  315.0  304.0     -6.5     -5.5  -3.3  -2.5
       R4    619.0  -6.1 -3.6  41.8  -8.2  -53.0  315.0  304.0     -5.6     -6.7  -2.4  -2.7
       R5    619.0  -6.4 -2.2  38.1 -23.2  -87.3  315.0  304.0     -7.4     -5.3  -2.0  -1.2
OTM1   R0    615.0 -20.7 -4.0  24.2 -64.5 -100.0  311.0  304.0    -20.8    -20.5  -2.8  -2.9
       R1    615.0 -10.2 -2.6  10.6 -33.3  -40.0  311.0  304.0     -9.4    -10.9  -1.7  -1.9
       R2    615.0 -14.9 -3.2  17.1 -52.9  -60.0  311.0  304.0    -14.8    -14.9  -2.2  -2.3
       R3    615.0 -10.9 -6.8  33.3 -32.1  -39.1  311.0  304.0    -11.1    -10.7  -5.0  -4.6
       R4    615.0 -12.4 -6.6  39.3 -19.0  -57.6  311.0  304.0    -11.8    -13.1  -4.6  -4.7
       R5    615.0 -13.1 -3.7  30.7 -37.1  -91.9  311.0  304.0    -14.6    -11.5  -3.2  -2.1

=== PH2  half-spread 0.25 ===  (ret = % of premium incl. costs, per trade)
                 n  mean     t   hit   med     p5   H1_n   H2_n  H1_mean  H2_mean  H1_t  H2_t
strike rule                                                                                  
ATM    R0    619.0 -17.8  -4.6  29.6 -47.0 -100.0  315.0  304.0    -20.0    -15.5  -3.7  -2.7
       R1    619.0 -12.6  -4.3  14.5 -34.5  -39.6  315.0  304.0    -14.2    -10.8  -3.6  -2.5
       R2    619.0 -14.8  -4.2  23.6 -53.6  -59.0  315.0  304.0    -15.4    -14.1  -3.2  -2.7
       R3    619.0 -12.1  -8.5  30.4 -33.1  -38.8  315.0  304.0    -12.9    -11.2  -6.8  -5.3
       R4    619.0 -12.1  -7.3  35.9 -16.4  -57.3  315.0  304.0    -11.7    -12.6  -5.2  -5.1
       R5    619.0 -12.2  -4.3  34.7 -28.0  -90.2  315.0  304.0    -13.1    -11.2  -3.6  -2.6
OTM1   R0    615.0 -29.1  -6.0  21.8 -72.7 -100.0  311.0  304.0    -29.3    -28.9  -4.3  -4.2
       R1    615.0 -24.1  -8.8   8.6 -37.5  -50.7  311.0  304.0    -25.7    -22.3  -6.4  -6.1
       R2    615.0 -24.4  -5.6  15.3 -56.8  -70.7  311.0  304.0    -23.4    -25.5  -3.7  -4.2
       R3    615.0 -20.7 -13.9  25.9 -35.9  -50.7  311.0  304.0    -21.6    -19.7 -11.3  -8.6
       R4    615.0 -22.1 -12.0  32.5 -33.5  -68.6  311.0  304.0    -21.8    -22.4  -8.8  -8.1
       R5    615.0 -23.0  -6.8  26.8 -46.9  -98.2  311.0  304.0    -24.4    -21.6  -5.7  -4.1

entry premium (ATM) median by kind: {'ORB': 13.56, 'PH2': 5.2}

=== ORB split by CVD-A (h=0.10) ===
                       n  mean    t   hit   med    p5
strike rule cvdA                                     
ATM    R0   False  292.0   4.1  0.6  37.7 -46.4 -99.7
            True   322.0   9.7  1.2  37.9 -48.3 -99.6
       R1   False  292.0   4.1  0.8  17.8 -30.7 -31.4
            True   322.0  10.1  1.7  19.3 -30.7 -31.4
       R2   False  292.0   3.2  0.5  25.3 -50.6 -51.4
            True   322.0   7.5  1.1  25.5 -50.7 -51.4
       R3   False  292.0   0.0  0.0  41.1  -8.5 -31.3
            True   322.0   3.6  1.2  43.8  -6.3 -31.1
       R4   False  292.0   1.0  0.3  45.2  -3.1 -50.9
            True   322.0   3.5  1.1  45.7  -4.0 -50.8
       R5   False  292.0   1.9  0.6  42.5  -8.8 -61.3
            True   322.0   0.4  0.1  42.9  -7.3 -65.1
OTM1   R0   False  290.0   4.5  0.5  35.9 -56.4 -99.9
            True   322.0  11.5  1.2  33.5 -60.6 -99.9
       R1   False  290.0   3.9  0.6  15.2 -30.9 -31.9
            True   322.0   9.9  1.4  15.5 -30.9 -31.9
       R2   False  290.0   3.1  0.4  23.4 -50.8 -51.9
            True   322.0  12.1  1.5  24.2 -50.8 -51.9
       R3   False  290.0   0.8  0.3  40.0 -10.1 -31.7
            True   322.0   2.9  0.9  41.9  -9.3 -31.7
       R4   False  290.0   1.6  0.5  44.1  -4.6 -51.2
            True   322.0   3.2  1.0  44.7  -4.1 -51.1
       R5   False  290.0   2.0  0.6  40.7  -8.2 -64.9
            True   322.0   0.3  0.1  41.3 -10.2 -68.2
