                       n  prem  seller_gross_pct    t  seller_win  entry_half_spread_pct  worst_pct  ex_crash_pct    H1    H2
kind          hm                                                                                                             
ATM straddle  09:35  643  28.4               1.7  0.5        61.0                    1.3     -793.0           2.4   0.0   3.5
              10:00  642  26.6               2.1  0.6        59.7                    1.3     -922.6           2.7   0.6   3.6
              11:00  643  22.1               4.3  1.3        61.6                    1.4     -678.2           5.0   0.3   8.4
              12:00  643  19.5               6.9  2.0        63.3                    1.4     -806.2           7.8   2.3  11.7
              13:00  641  16.9               9.3  2.6        66.8                    1.5     -954.4           9.9   5.6  13.0
              14:00  635  13.4              12.1  3.6        66.3                    1.7     -658.5          12.2  12.8  11.3
              15:00  632  10.3               6.8  2.1        63.0                    2.1     -506.5           6.8   3.7   9.9
              15:30  634   8.2               7.1  2.2        64.5                    2.4     -457.6           7.0   4.0  10.2
strangle +-10 09:35  642  17.9               2.9  0.5        64.0                    1.5    -1480.1           3.6   0.5   5.3
              10:00  643  16.2               3.5  0.6        65.5                    1.6    -1675.8           4.2   0.4   6.7
              11:00  643  12.1               6.5  1.0        67.0                    2.0    -2206.5           7.2  -2.4  15.6
              12:00  643   9.7               8.9  1.2        71.1                    2.2    -2929.6          10.0  -0.4  18.6
              13:00  639   7.4              17.4  2.2        74.5                    3.7    -3634.5          18.1   8.9  26.3
              14:00  633   4.8              22.4  3.2        76.9                    3.3    -1695.7          22.6  20.5  24.4
              15:00  632   2.6              27.7  3.2        82.1                    5.8    -2187.5          27.7  14.5  41.3
              15:30  631   1.4              31.3  3.7        86.1                   10.4    -1790.2          31.3  20.7  42.4
