
==== score==2
                n    EV    win  avg_win  avg_loss    P5  EV_FIT  EV_TEST
U   rule                                                                
IWM B         694 -1.06  63.40    14.80    -28.75 -30.0   -2.38     0.02
    BE10      694 -0.75  46.69    14.83    -29.10 -30.0   -1.78     0.09
    BE8       694 -0.81  38.62    14.89    -29.57 -30.0   -1.60    -0.17
    BE8+TR10  694 -0.98  32.42    17.65    -26.88 -30.0   -1.72    -0.38
    EC15      694 -1.09  59.65    14.89    -24.91 -30.0   -2.12    -0.25
    EC30      694 -1.22  61.38    14.90    -26.94 -30.0   -2.32    -0.31
    S20       694 -1.58  52.45    14.89    -19.75 -20.0   -1.81    -1.39
    TR10      694 -1.50  54.76    17.15    -25.02 -30.0   -2.37    -0.78
    TR15      694 -1.67  47.41    20.35    -22.24 -30.0   -1.99    -1.40
QQQ B         671 -0.00  64.68    14.67    -26.99 -30.0   -0.11     0.09
    BE10      671 -0.45  48.88    14.78    -27.68 -30.0   -0.36    -0.53
    BE8       671 -0.08  42.47    14.87    -27.86 -30.0    0.27    -0.40
    BE8+TR10  671 -0.78  34.43    17.32    -23.69 -30.0   -0.09    -1.42
    EC15      671  0.20  62.15    14.68    -23.67 -30.0    0.16     0.24
    EC30      671  0.20  62.74    14.76    -24.41 -30.0    0.23     0.17
    S20       671 -0.08  56.48    14.70    -19.27 -20.0    0.64    -0.74
    TR10      671 -0.95  54.84    16.60    -22.65 -30.0   -0.47    -1.40
    TR15      671 -1.00  47.84    20.09    -20.58 -30.0    0.26    -2.18
SPY B         693  1.97  66.38    14.21    -22.29 -30.0    1.95     2.00
    BE10      693  1.07  49.78    14.29    -22.76 -30.0    0.96     1.18
    BE8       693  0.74  42.86    14.41    -23.83 -30.0    0.87     0.62
    BE8+TR10  693  0.49  39.39    15.18    -22.79 -30.0    0.27     0.69
    EC15      693  1.79  62.48    14.34    -19.19 -30.0    2.19     1.40
    EC30      693  2.18  64.65    14.28    -20.02 -30.0    2.03     2.32
    S20       693  1.38  59.31    14.31    -17.53 -20.0    1.53     1.25
    TR10      693  1.58  61.33    15.19    -20.37 -30.0    1.43     1.73
    TR15      693  1.63  54.83    17.73    -17.97 -30.0    2.21     1.08

==== ALL signals
                 n    EV    win  avg_win  avg_loss    P5  EV_FIT  EV_TEST
U   rule                                                                 
IWM B         2386  0.13  66.30    14.85    -28.94 -30.0   -0.51     0.75
    BE10      2386  0.26  50.59    14.87    -29.32 -30.0   -0.35     0.86
    BE8       2386  0.27  43.50    14.92    -29.59 -30.0   -0.26     0.78
    BE8+TR10  2386  0.28  37.01    18.07    -26.47 -30.0   -0.30     0.85
    EC15      2386 -0.19  61.86    14.89    -24.75 -30.0   -0.85     0.44
    EC30      2386  0.03  64.33    14.88    -26.81 -30.0   -0.56     0.62
    S20       2386 -0.33  56.16    14.91    -19.86 -20.0   -0.61    -0.05
    TR10      2386  0.28  58.47    17.84    -25.16 -30.0   -0.19     0.72
    TR15      2386  0.14  49.92    21.52    -21.91 -30.0   -0.29     0.55
QQQ B         2426 -0.21  63.97    14.73    -26.82 -30.0   -0.48     0.04
    BE10      2426 -0.38  49.71    14.80    -27.30 -30.0   -0.73    -0.06
    BE8       2426 -0.29  43.24    14.85    -27.67 -30.0   -0.51    -0.07
    BE8+TR10  2426 -0.41  36.40    17.76    -24.70 -30.0   -0.51    -0.31
    EC15      2426 -0.32  60.02    14.75    -22.97 -30.0   -0.61    -0.05
    EC30      2426 -0.23  61.71    14.77    -24.44 -30.0   -0.45    -0.03
    S20       2426 -0.32  55.65    14.77    -19.25 -20.0   -0.63    -0.02
    TR10      2426 -0.28  56.10    17.43    -23.34 -30.0   -0.23    -0.32
    TR15      2426 -0.18  49.26    20.93    -21.07 -30.0    0.24    -0.58
SPY B         2460  0.17  62.36    13.93    -22.71 -30.0   -0.32     0.64
    BE10      2460  0.07  47.93    14.13    -23.18 -30.0   -0.31     0.43
    BE8       2460  0.24  42.64    14.20    -23.70 -30.0    0.02     0.45
    BE8+TR10  2460  0.13  39.27    15.32    -22.35 -30.0   -0.06     0.30
    EC15      2460  0.04  58.58    14.00    -19.78 -30.0   -0.40     0.45
    EC30      2460  0.21  59.88    13.98    -20.43 -30.0   -0.31     0.70
    S20       2460  0.04  56.14    13.97    -17.84 -20.0   -0.14     0.22
    TR10      2460 -0.06  58.09    14.91    -21.05 -30.0   -0.50     0.36
    TR15      2460 -0.04  51.63    17.47    -18.85 -30.0   -0.39     0.29

==== diagnostics (baseline, score==2): can losers be told apart early?
SPY: stopped 152 — ever +8bp first: 47% | red<=-10bp by m15: 76%   ||  targets 419 — ever red<=-10bp by m15: 25%
QQQ: stopped 204 — ever +8bp first: 61% | red<=-10bp by m15: 86%   ||  targets 420 — ever red<=-10bp by m15: 37%
IWM: stopped 237 — ever +8bp first: 67% | red<=-10bp by m15: 92%   ||  targets 431 — ever red<=-10bp by m15: 41%
