
=================== ENTRY 14:00 (PRIMARY)  ret = % of max risk per day
                                         n  mean     t   win    H1    H2  exCrash  worst    maxDD  credit_over_risk
struct         U   exit      fill                                                                                  
S1 iron fly    IWM close1555 base    620.0 -14.7  -5.7  46.6  -7.4 -21.9    -14.9 -241.3  -9269.8             126.2
                             stress  620.0 -27.6 -11.5  38.5 -20.7 -34.4    -27.8 -234.7 -17081.6             107.5
                   settle    base    620.0   0.8   0.2  49.8  10.5  -9.0      0.4 -100.0  -3080.5             126.2
                             stress  620.0  -7.7  -2.4  47.1   1.2 -16.6     -8.0 -100.0  -5860.8             107.5
               QQQ close1555 base    633.0 -10.0  -4.0  48.0  -4.5 -15.7     -9.9 -207.2  -6824.3             197.6
                             stress  633.0 -22.1  -9.4  39.7 -17.1 -27.2    -22.0 -203.0 -14318.3             174.7
                   settle    base    633.0  10.6   2.6  50.4  19.2   1.8     11.0 -100.0  -2088.1             197.6
                             stress  633.0   3.1   0.8  48.5  10.8  -4.9      3.4 -100.0  -2873.8             174.7
               SPX close1555 base    631.0  -8.1  -2.5  46.4  -3.5 -13.0     -8.0 -180.7  -5681.2             180.7
                             stress  631.0 -19.9  -6.5  42.9 -15.5 -24.6    -19.8 -183.7 -12919.9             159.9
                   settle    base    631.0   4.2   1.1  47.4   8.9  -0.7      4.3 -100.0  -2502.1             180.7
                             stress  631.0  -3.7  -1.0  46.6   0.9  -8.4     -3.5 -100.0  -4523.3             159.9
               SPY close1555 base    638.0 -12.6  -5.2  47.0  -7.8 -17.7    -12.4 -173.9  -8517.7             188.5
                             stress  638.0 -25.7 -11.2  37.0 -20.8 -30.8    -25.5 -174.0 -16630.8             168.8
                   settle    base    638.0  11.1   2.7  49.5  20.5   1.3     11.4 -100.0  -1724.3             188.5
                             stress  638.0   2.6   0.7  48.1  11.5  -6.6      2.9 -100.0  -3231.2             168.8
S2 iron condor IWM close1555 base    562.0  -3.4  -1.8  52.3   1.0  -7.8     -3.6 -174.4  -2971.0              14.7
                             stress  562.0 -10.9  -6.7  30.4  -7.8 -13.9    -11.0 -174.5  -6311.9               9.8
                   settle    base    564.0   4.9   2.1  75.2  11.4  -1.5      4.6 -100.0   -925.6              14.7
                             stress  564.0  -0.3  -0.2  61.3   4.9  -5.5     -0.6 -100.0  -1685.2               9.8
               QQQ close1555 base    629.0  -0.3  -0.2  64.4   1.7  -2.3      0.1 -117.1  -1147.8              24.9
                             stress  629.0  -4.0  -3.0  56.9  -2.9  -5.1     -3.6 -120.4  -2658.0              22.9
                   settle    base    629.0  10.1   4.9  74.7  14.8   5.2     10.6 -100.0   -412.0              24.9
                             stress  629.0   7.5   3.8  73.3  11.5   3.4      8.1 -100.0   -472.2              22.9
               SPX close1555 base    627.0   1.4   0.9  71.6   3.6  -0.9      1.6 -165.5   -638.7              16.4
                             stress  627.0  -0.9  -0.6  69.2   0.7  -2.4     -0.6 -166.4  -1176.8              15.0
                   settle    base    627.0   4.4   2.6  75.0   7.7   1.0      4.5 -100.0   -505.6              16.4
                             stress  627.0   2.9   1.7  74.2   5.7  -0.0      3.0 -100.0   -596.5              15.0
               SPY close1555 base    635.0  -0.1  -0.1  66.9   2.2  -2.4      0.2 -121.7   -939.5              14.9
                             stress  635.0  -2.9  -2.5  58.3  -1.2  -4.7     -2.6 -124.2  -1978.6              13.1
                   settle    base    635.0   7.4   4.7  78.6  11.4   3.3      7.7 -100.0   -311.8              14.9
                             stress  635.0   5.5   3.6  76.5   9.1   1.8      5.7 -100.0   -327.9              13.1

=================== ENTRY 13:00 (sensitivity)  ret = % of max risk per day
                                         n  mean    t   win    H1    H2  exCrash  worst    maxDD  credit_over_risk
struct         U   exit      fill                                                                                 
S1 iron fly    IWM close1555 base    617.0 -10.9 -3.7  47.2  -5.4 -16.4    -11.0 -181.8  -7179.5             155.1
                             stress  617.0 -24.9 -9.2  40.4 -19.8 -30.1    -25.0 -181.0 -15419.9             134.7
                   settle    base    625.0   2.8  0.7  49.4  11.6  -6.0      2.9 -100.0  -3295.4             155.1
                             stress  625.0  -6.4 -1.9  46.6   1.6 -14.3     -6.3 -100.0  -5236.6             131.5
               QQQ close1555 base    628.0  -2.5 -0.9  51.6  -0.2  -4.9     -2.5 -225.4  -2223.9             189.0
                             stress  628.0 -12.4 -4.7  47.1 -10.3 -14.4    -12.3 -220.3  -7725.1             176.2
                   settle    base    634.0  13.9  3.4  51.1  17.0  10.7     14.0 -100.0  -1231.0             189.0
                             stress  634.0   7.5  2.0  50.0  10.5   4.5      7.7 -100.0  -1337.4             174.7
               SPX close1555 base    624.0  -5.1 -1.5  47.4  -1.9  -8.3     -5.0 -176.9  -3543.8             186.9
                             stress  624.0 -15.8 -4.8  44.9 -12.7 -19.0    -15.7 -176.7 -10130.3             166.8
                   settle    base    630.0   1.0  0.3  45.1   3.4  -1.4      1.0 -100.0  -3122.4             186.7
                             stress  630.0  -5.8 -1.6  43.3  -3.4  -8.2     -5.8 -100.0  -4387.4             166.4
               SPY close1555 base    636.0  -6.6 -2.4  49.1  -4.2  -9.1     -6.5 -181.5  -4440.7             192.4
                             stress  636.0 -17.8 -6.8  43.9 -15.3 -20.5    -17.8 -181.0 -11420.7             173.2
                   settle    base    642.0   7.2  1.8  49.5  12.0   2.1      7.2 -100.0  -1693.1             192.2
                             stress  642.0   0.2  0.1  47.7   5.0  -4.8      0.2 -100.0  -2417.4             173.2
S2 iron condor IWM close1555 base    590.0  -4.8 -2.7  61.0  -1.9  -7.6     -4.5 -129.1  -3288.8              24.1
                             stress  590.0 -12.3 -7.4  42.4 -10.5 -14.1    -12.0 -131.6  -7353.1              18.8
                   settle    base    595.0   3.1  1.4  69.9   8.3  -1.9      3.5 -100.0  -1270.0              24.1
                             stress  595.0  -2.0 -1.0  66.2   2.2  -6.1     -1.7 -100.0  -2199.6              18.8
               QQQ close1555 base    631.0   0.5  0.3  64.8   2.2  -1.4      0.9 -262.2   -959.0              38.7
                             stress  631.0  -3.6 -2.2  60.1  -2.8  -4.4     -3.1 -259.4  -2393.8              35.6
                   settle    base    638.0   9.2  4.0  69.4  14.3   3.9      9.6 -100.0   -826.8              38.1
                             stress  638.0   6.5  3.0  67.6  10.8   2.0      6.9 -100.0   -999.8              35.0
               SPX close1555 base    627.0   2.0  1.1  67.8   4.4  -0.5      2.4 -162.7   -848.4              26.5
                             stress  627.0  -0.7 -0.4  65.7   1.0  -2.5     -0.2 -163.6  -1156.6              24.6
                   settle    base    634.0   4.5  2.4  68.8   7.8   1.0      4.7 -100.0   -873.1              26.2
                             stress  634.0   2.6  1.4  68.5   5.4  -0.3      2.9 -100.0  -1057.0              24.5
               SPY close1555 base    635.0   0.2  0.1  66.6   2.6  -2.4     -0.1 -135.1   -970.5              23.9
                             stress  635.0  -3.1 -2.1  62.7  -1.2  -5.0     -3.2 -136.1  -2047.4              21.9
                   settle    base    640.0   6.3  3.5  72.7  10.3   2.3      6.6 -100.0   -489.8              23.9
                             stress  640.0   4.3  2.4  71.6   7.8   0.7      4.6 -100.0   -595.0              21.9

=================== ENTRY 15:00 (sensitivity)  ret = % of max risk per day
                                         n  mean     t   win    H1    H2  exCrash  worst    maxDD  credit_over_risk
struct         U   exit      fill                                                                                  
S1 iron fly    IWM close1555 base    617.0 -17.4  -9.1  44.2 -16.1 -18.7    -17.3 -232.1 -10716.2              99.2
                             stress  617.0 -29.0 -16.5  31.0 -27.7 -30.3    -28.9 -226.6 -17889.5              84.5
                   settle    base    617.0  -1.3  -0.4  52.2   0.1  -2.6     -1.0 -100.0  -1703.5              99.2
                             stress  617.0  -8.8  -3.4  48.1  -7.6 -10.1     -8.6 -100.0  -5659.5              84.5
               QQQ close1555 base    632.0 -19.6  -9.6  38.8 -18.0 -21.3    -19.6 -252.3 -12472.7             181.1
                             stress  632.0 -33.0 -17.5  26.9 -31.8 -34.3    -33.0 -249.9 -20896.8             160.4
                   settle    base    632.0   5.9   1.5  50.0   8.1   3.7      6.2 -100.0  -1648.2             181.1
                             stress  632.0  -2.4  -0.7  47.9  -0.7  -4.1     -2.1 -100.0  -3028.8             160.4
               SPX close1555 base    629.0 -20.1  -7.1  43.9 -23.2 -16.9    -20.1 -201.2 -12655.3             180.7
                             stress  629.0 -33.9 -12.7  36.1 -36.7 -31.0    -33.9 -200.5 -21270.4             156.1
                   settle    base    629.0  -8.7  -2.3  43.1 -10.5  -6.8     -8.6 -100.0  -6143.4             180.7
                             stress  629.0 -16.7  -4.9  41.0 -18.2 -15.1    -16.6 -100.0 -10596.9             156.1
               SPY close1555 base    639.0 -18.2  -9.1  40.1 -19.4 -16.9    -18.2 -170.9 -11643.2             168.8
                             stress  639.0 -32.0 -17.3  27.5 -32.6 -31.4    -32.0 -171.2 -20434.0             149.4
                   settle    base    639.0   4.4   1.1  47.3   3.2   5.6      4.5 -100.0  -2227.6             168.8
                             stress  639.0  -4.1  -1.2  45.2  -4.9  -3.2     -4.0 -100.0  -5055.0             149.4
S2 iron condor IWM close1555 base    503.0  -5.4  -4.8  30.8  -5.6  -5.1     -5.4 -151.7  -2685.0               7.3
                             stress  503.0 -11.6 -11.8  17.1 -12.7 -10.6    -11.6 -153.1  -5823.5               2.9
                   settle    base    503.0   3.9   2.4  66.8   5.3   2.6      3.8 -100.0   -316.7               7.3
                             stress  503.0  -0.5  -0.4  46.3   0.1  -1.2     -0.6 -100.0   -674.5               2.9
               QQQ close1555 base    628.0  -3.6  -3.9  55.7  -4.6  -2.6     -3.6 -109.3  -2559.2              14.8
                             stress  628.0  -6.8  -7.4  42.4  -8.3  -5.2     -6.7 -111.2  -4365.1              12.8
                   settle    base    628.0   5.3   3.6  76.9   5.2   5.5      5.6 -100.0   -423.3              14.8
                             stress  628.0   3.3   2.3  72.8   2.8   3.8      3.6 -100.0   -636.8              12.8
               SPX close1555 base    624.0  -0.8  -0.8  71.3  -1.3  -0.3     -0.8 -119.7   -877.0               7.6
                             stress  624.0  -2.4  -2.4  60.1  -3.2  -1.6     -2.4 -120.9  -1654.3               6.8
                   settle    base    624.0   1.0   0.9  78.8   0.7   1.2      1.1 -100.0   -391.6               7.6
                             stress  624.0  -0.1  -0.1  76.3  -0.6   0.4      0.0 -100.0   -567.7               6.8
               SPY close1555 base    626.0  -2.5  -3.2  53.8  -2.9  -2.1     -2.5 -131.7  -1616.2               8.1
                             stress  626.0  -5.0  -6.6  37.1  -5.7  -4.3     -5.0 -132.5  -3153.2               6.5
                   settle    base    626.0   3.6   3.3  80.8   4.3   3.0      3.7 -100.0   -233.3               8.1
                             stress  626.0   2.0   1.8  73.6   2.4   1.5      2.0 -100.0   -269.1               6.5

=== PASS CHECK (14:00, stress, close1555) ===
S1 iron fly {'SPY': np.float64(-25.66), 'QQQ': np.float64(-22.08)} pooled t=-11.30 H1 -18.96 H2 -29.00 FAIL
S2 iron condor {'SPY': np.float64(-2.92), 'QQQ': np.float64(-3.98)} pooled t=-3.11 H1 -2.37 H2 -5.28 FAIL
