                            n  mean     t    win    H1    H2   worst  exCrash  cr_med
struct   exit   fill                                                                 
A put1%  morn   base    629.0  0.07  0.15  70.43 -0.35  0.50 -101.03     0.46    2.21
                stress  629.0 -0.60 -1.27  64.86 -1.02 -0.18 -101.99    -0.20    2.06
         settle base    630.0  0.77  0.88  91.59  0.07  1.48 -100.00     1.20    2.22
                stress  630.0  0.40  0.45  91.27 -0.29  1.09 -100.00     0.82    2.06
B put2%  morn   base    513.0 -0.24 -1.01  44.44 -0.43 -0.01  -67.05    -0.05    0.33
                stress  513.0 -0.71 -2.98  30.41 -0.91 -0.47  -68.16    -0.52    0.23
         settle base    515.0  0.36  0.80  84.08 -0.25  1.11 -100.00     0.64    0.33
                stress  515.0  0.11  0.26  70.68 -0.50  0.86 -100.00     0.39    0.23
C ic1%   morn   base    561.0 -1.88 -2.81  60.61 -2.83 -0.88 -102.88    -1.25    3.56
                stress  561.0 -3.26 -4.87  47.42 -4.28 -2.19 -104.33    -2.62    3.28
         settle base    563.0  0.07  0.05  82.77 -1.12  1.31 -100.00     0.65    3.56
                stress  563.0 -0.68 -0.49  81.53 -1.88  0.58 -100.00    -0.09    3.28
D putATM morn   base    636.0  0.41  0.40  65.09  0.72  0.10 -114.70     0.96    9.78
                stress  636.0 -0.86 -0.84  64.15 -0.52 -1.21 -115.75    -0.32    9.50
         settle base    637.0  1.52  0.88  72.84  1.01  2.05 -100.00     2.21    9.78
                stress  637.0  0.79  0.46  72.68  0.32  1.27 -100.00     1.47    9.50
